197
86
317
166
23
232
167
79
125
89
123
133
4
160
100
57
109
41
242
115
155
270
253
182
22
123
125
116
144
91
72
108
158
177
269
222
242
195
68
304
1
1
58
243
14
240
8
2
223
129
299
119
214
187
56
212
96
263
33
235
152
171
48
55
59
62
120
134
280
54
261
9
172
179
228
193
209
117
90
16
281
298
299
142
11
150
211
200
94
261
298
256
261
311
320
146
133
112
200
330
154
17
18
99
187
79
70
254
147
99
14
327
73
15
7
149
56
216
131
266
114
3
76
139
251
79
221
122
171
274
130
289
176
14
26
189
177
62
244
257
192
225
66
73
141
241
228
94
83
37
324
6
231
284
167
314
104
88
116
58
326
317
121
281
107
197
257
55
13
229
129
86
232
292
18
327
199
14
277
87
251
310
178
45
34
65
41
311
301
185
316
257
128
73
74
170
260
163
299
8
128
13
259
40
81
252
47
290
60
5
325
173
79
63
261
49
198
124
331
62
281
214
323
159
195
251
100
95
232
196
316
331
194
162
211
302
146
160
3
320
306
99
62
21
117
163
37
37
321
250
186
81
130
218
63
185
303
66
139
63
11
187
320
28
280
127
66
221
141
91
64
66
11
66
42
146
189
188
307
81
215
204
103
140
3
170
117
191
192
315
4
305
37
221
327
191
64
211
109
76
29
322
266
97
11
149
222
75
150
60
108
240
323
280
41
222
252
231
278
249
27
217
58
156
185
87
173
211
81
73
77
277
288
162
121
6
75
275
7
22
87
254
20
197
234
105
204
59
197
97
235
44
26
69
18
271
218
13
239
115
179
216
4
262
78
123
41
224
297
171
12
279
168
39
78
322
8
320
151
267
193
116
329
237
139
181
4
267
172
231
38
4
179
319
279
9
197
274
34
317
64
112
318
87
142
189
144
178
250
47
162
320
80
14
326
126
153
326
211
169
249
265
88
178
157
328
67
155
12
230
110
261
55
55
102
10
47
103
83
286
203
188
190
96
235
277
294
275
3
217
89
69
228
283
54
51
52
324
224
297
227
114
183
329
25
217
213
185
223
29
268
163
34
109
64
95
74
136
146
309
293
267
273
151
219
293
83
287
276
137
147
169
285
267
124
180
86
291
214
127
179
250
175
49
225
59
21
147
219
213
288
118
274
58
262
233
104
8
97
194
1
313
193
177
213
136
57
124
21
316
244
288
4
215
128
128
105
24
122
86
30
62
101
283
70
237
94
34
239
124
151
319
79
256
96
164
67
134
313
27
133
140
23
238
226
290
21
92
119
84
163
216
227
143
145
237
269
188
314
199
90
170
185
266
57
82
248
283
77
46
302
89
167
268
12
295
274
264
314
223
23
63
93
32
83
78
25
134
35
323
96
92
124
271
207
72
15
97
225
170
19
304
164
29
193
241
43
77
129
211
229
89
62
95
253
318
275
103
182
8
271
313
254
310
6
130
59
108
282
184
273
113
52
201
328
70
197
270
275
70
288
8
102
31
62
274
55
310
239
177
253
137
134
221
46
140
161
16
176
40
182
313
38
120
221
119
217
69
65
227
324
50
194
51
234
38
111
111
112
42
120
7
230
85
299
109
265
208
20
56
318
135
238
137
128
12
168
16
196
221
157
104
98
83
202
112
308
182
165
188
242
189
31
122
250
137
240
199
319
230
160
74
264
155
209
284
105
201
149
224
165
39
281
294
281
209
325
230
323
228
143
291
205
307
29
322
295
258
132
185
143
157
121
291
192
291
110
247
105
168
68
83
64
63
92
225
62
66
187
224
301
98
242
70
231
9
181
320
129
317
77
290
78
326
205
209
113
21
259
23
210
118
292
218
251
155
57
215
235
88
123
228
245
187
71
6
160
18
10
303
257
80
298
135
167
114
112
289
26
49
179
75
175
246
320
268
3
106
73
147
77
234
279
9
207
141
293
208
211
276
304
326
291
154
163
180
38
1
84
171
321
38
130
48
49
190
272
200
74
263
69
239
184
16
30
39
244
38
248
97
274
324
9
209
282
253
196
180
247
94
119
79
30
78
175
329
292
157
40
71
280
124
212
282
66
42
235
276
189
130
325
122
208
257
50
160
200
304
186
179
139
104
147
126
74
195
237
131
174
36
69
310
85
126
122
136
307
151
143
243
122
105
283
155
240
150
56
40
17
56
227
303
125
58
129
243
19
8
279
48
229
236
5
275
92
260
148
15
128
255
286
89
93
323
162
220
94
327
12
6
176
13
99
208
207
288
54
236
203
301
180
112
79
83
295
277
248
195
35
268
240
179
198
83
15
109
158
121
316
73
162
297
204
97
263
3
314
141
218
306
68
175
293
97
126
108
93
35
208
22
119
68
91
193
323
82
200
41
320
34
201
251
39
183
329
73
318
4
281
58
158
23
317
75
191
11
21
138
114
57
220
323
286
47
31
106
48
66
246
244
231
92
157
86
92
249
205
258
7
68
10
88
328
13
228
68
264
153
82
58
109
131
86
283
195
293
329
206
63
247
121
291
98
312
143
148
309
84
235
146
62
202
319
45
266
47
143
262
322
240
155
153
202
77
113
260
232
13
69
190
241
246
218
277
39
236
282
102
93
133
297
293
243
308
57
245
45
61
231
43
38
35
135
30
7
82
129
242
320
315
8
223
313
17
169
267
249
280
278
282
223
324
70
3
7
328
175
170
36
81
285
212
321
119
325
287
20
12
68
50
253
329
86
331
287
113
199
263
285
298
42
37
330
188
206
226
71
229
58
253
77
7
141
156
203
144
195
138
95
150
4
174
229
59
160
300
241
262
150
195
244
151
84
221
33
127
87
153
238
15
85
106
215
63
273
23
183
322
87
45
46
137
282
242
149
131
198
32
154
124
267
188
317
307
126
279
280
201
118
42
318
53
15
317
169
255
93
255
190
117
264
162
202
113
214
115
184
70
107
132
328
307
51
29
259
130
148
198
248
50
322
245
120
241
190
250
92
142
258
128
254
119
132
120
153
142
260
209
209
230
215
63
63
292
167
311
27
77
301
291
310
83
98
100
104
89
324
325
91
15
264
54
219
65
224
315
89
176
283
192
30
227
303
200
201
91
285
252
290
173
170
210
30
212
61
327
4
41
324
9
202
49
143
305
24
134
202
156
108
248
246
88
323
7
289
185
99
161
283
308
223
315
33
4
61
12
115
238
300
147
277
101
117
267
164
269
41
75
72
137
248
272
126
193
94
297
199
124
206
138
72
255
289
64
239
225
101
190
174
2
263
59
166
184
157
34
193
194
31
192
6
309
297
121
13
202
31
256
310
166
112
176
228
291
7
175
127
84
38
215
206
41
285
185
121
10
260
206
238
121
169
105
1
62
243
38
238
189
302
91
290
153
73
103
174
106
194
247
289
88
247
122
214
305
302
181
137
14
5
161
106
171
296
133
286
236
90
40
14
26
272
296
191
152
188
140
135
135
74
135
248
130
6
259
319
79
75
168
277
202
223
299
265
321
80
204
314
193
61
55
302
122
161
17
283
301
28
295
67
96
9
36
255
199
211
221
264
261
108
51
294
70
22
257
74
263
106
78
10
304
52
116
158
305
300
30
197
43
99
68
203
115
227
106
20
169
309
3
92
206
161
185
139
309
288
153
124
28
16
55
255
127
312
49
36
11
101
302
91
320
306
179
232
223
148
100
16
108
136
156
230
153
21
52
313
132
72
311
213
310
141
155
168
331
175
19
174
123
270
2
314
174
61
268
279
140
75
210
177
107
53
59
27
273
230
289
311
276
165
19
187
63
259
322
254
249
9
308
176
2
113
207
222
76
79
159
295
15
299
226
131
236
265
12
326
104
224
295
32
122
331
162
325
21
134
243
233
40
173
211
145
153
271
216
104
209
212
5
134
160
195
29
202
31
229
130
162
231
46
292
224
149
107
79
328
32
186
281
73
100
321
125
154
237
5
125
180
261
174
311
60
119
76
155
36
124
203
285
295
329
189
6
300
249
43
82
276
269
177
63
40
118
185
118
102
324
247
316
81
319
306
17
300
105
313
95
282
36
210
240
252
183
272
31
260
38
213
97
304
121
90
181
116
69
67
45
122
198
52
327
311
296
161
222
6
222
220
152
266
165
212
193
287
264
98
157
112
131
297
208
279
214
321
199
7
61
207
261
300
148
120
109
287
223
98
102
207
248
28
92
330
220
172
301
94
276
161
39
81
238
278
172
285
201
134
190
225
8
89
87
172
49
27
149
180
155
314
22
98
143
171
259
121
234
287
211
258
65
58
215
269
64
315
261
44
141
290
46
115
320
103
318
329
48
187
91
268
327
310
8
124
144
53
141
315
270
259
278
295
182
50
123
127
229
87
292
161
210
191
318
173
108
20
125
319
299
301
134
47
2
296
316
74
36
59
185
288
141
5
103
221
125
248
173
286
48
240
138
43
306
138
261
194
326
98
204
166
329
1
179
208
250
198
80
311
205
263
252
236
67
79
12
241
67
325
69
258
322
83
307
172
220
279
320
89
221
187
35
208
196
184
29
17
204
235
308
171
258
318
122
237
268
185
201
65
180
235
100
223
117
262
69
43
163
57
136
93
239
14
14
321
168
36
199
111
46
94
163
137
151
93
288
277
161
138
184
7
76
227
208
326
328
326
156
51
111
66
229
302
329
99
318
121
8
107
120
186
189
147
216
42
92
284
129
296
162
46
167
174
11
28
97
76
6
24
209
239
172
266
103
216
320
305
119
103
278
312
259
288
287
197
193
225
265
331
120
293
188
308
229
176
193
248
184
276
54
166
252
176
202
294
153
331
214
42
57
289
211
145
154
109
140
19
38
157
157
12
87
279
60
162
155
104
27
55
312
279
305
303
23
275
192
248
13
194
93
227
296
74
322
178
57
56
176
278
7
233
68
295
194
15
8
152
194
200
270
165
255
163
268
198
96
306
230
291
316
311
51
50
58
232
120
102
86
168
3
305
207
12
185
167
2
279
82
214
133
182
215
121
157
288
195
225
128
72
144
256
140
35
307
19
105
277
228
57
132
144
305
329
135
218
184
138
294
159
262
103
279
206
20
285
147
293
66
85
145
298
166
24
194
159
287
254
65
303
212
81
263
20
107
180
294
193
220
6
104
175
160
309
134
142
174
107
197
240
29
149
331
286
286
180
37
182
255
116
115
287
270
108
304
51
194
212
309
52
259
6
245
14
251
27
210
81
66
40
265
304
131
15
27
